% vpdf je napsano, ze parametry byly nalezeny experimentalne?

m = 1.3872
h = 0.00714
lmc =0.0122
Jeqy=0.0371
Jeqp = 0.0332
By = 0.8513
Bp = 0.01325
Kyy = 0.01871
Kyp = 0.002096
Kpy = 0.00189
Kpp = 0.02638

g = 9.81

Fcpp = 1
Fcpy = 1
Fcyp = 1
Fcyy = 1
